2221751
2221749
2221748
2221746
2221745
2221743
2221742
2221740
2221738
2221737
2221736
2221735
2221708
2221707
2221706
2221705
2221703
2221702
2221700
2221699
2221698
2221697
2221696
2221695
2221694
2221693
2221692
2221691
2221690
2221689
2221688
2221687
2221686
2221685
2221683
2221682
2221681
2221680
2221679
2221677
2221676
2221675
2221673
2221672
2221670
2221669
2221668
2221667
2221666
2221665
2221664
2221663
2221662
2221660
2221659
2221657
2221656
2221655
2221654
2221653
2221652
2221651
2221444
2221443
2221441
2221440
2221438
2221436
2221435
2221434
2221433
2221432
2221431
2221430
2221429
2221427
2221400
2221399
2221398
2221397
2221395
2221394
2221393
2221392
2221391
2221390
2221389
2221388
2221387
2221386
2221385
2221384
2221383
2221382
2221380
2221379
2221378
2221376
2221375
2221374
2221373
2221372
2221371
2221370
2221369
2221368
2221367
2221366
2221365
2221364
2221361
2221360
2221359
2221357
2221353
2221352
2221351
2221350
2221348
2221347
2221346
2221345
2221344
2221343
2221342
2221341
2221340
2221338
2221337
2221336
2221335
2221334
2221333
2221331
2221330
2221329
2221328
2221327
2221326
2221325
2221324
2221323
2221322
2221321
2221269
2221268
2221267
2221266
2221264
2221263
2221261
2221260
2221259
2221258
2221256
2221255
2221250
2221248
2221247
2221245
2221244
2221243
2221242
2221241
2221240
2221239
2221237
2221236
2221234
2221233
2221232
2221231
2221228
2221227
2221226